0000000000000000
0000000000000001
0000000000000010
0000000000000011
0000000000000100
0000000000000101
0000000000000110
0000000000000111
0000000000001000
0000000000001001
0000000000010000
0000000000010001
0000000000010010
0000000000010011
0000000000010100
0000000000010101
0000000000000001
0000000000000010
0000000000000011
0000000000000100
0000000000000101
0000000000000110
0000000000000111
0000000000001000
0000000000001001
0000000000010000
0000000000010001
0000000000010010
0000000000010011
0000000000010100
0000000000010101
0000000000010110
0000000000000010
0000000000000011
0000000000000100
0000000000000101
0000000000000110
0000000000000111
0000000000001000
0000000000001001
0000000000010000
0000000000010001
0000000000010010
0000000000010011
0000000000010100
0000000000010101
0000000000010110
0000000000010111
0000000000000011
0000000000000100
0000000000000101
0000000000000110
0000000000000111
0000000000001000
0000000000001001
0000000000010000
0000000000010001
0000000000010010
0000000000010011
0000000000010100
0000000000010101
0000000000010110
0000000000010111
0000000000011000
0000000000000100
0000000000000101
0000000000000110
0000000000000111
0000000000001000
0000000000001001
0000000000010000
0000000000010001
0000000000010010
0000000000010011
0000000000010100
0000000000010101
0000000000010110
0000000000010111
0000000000011000
0000000000011001
0000000000000101
0000000000000110
0000000000000111
0000000000001000
0000000000001001
0000000000010000
0000000000010001
0000000000010010
0000000000010011
0000000000010100
0000000000010101
0000000000010110
0000000000010111
0000000000011000
0000000000011001
0000000000100000
0000000000000110
0000000000000111
0000000000001000
0000000000001001
0000000000010000
0000000000010001
0000000000010010
0000000000010011
0000000000010100
0000000000010101
0000000000010110
0000000000010111
0000000000011000
0000000000011001
0000000000100000
0000000000100001
0000000000000111
0000000000001000
0000000000001001
0000000000010000
0000000000010001
0000000000010010
0000000000010011
0000000000010100
0000000000010101
0000000000010110
0000000000010111
0000000000011000
0000000000011001
0000000000100000
0000000000100001
0000000000100010
0000000000001000
0000000000001001
0000000000010000
0000000000010001
0000000000010010
0000000000010011
0000000000010100
0000000000010101
0000000000010110
0000000000010111
0000000000011000
0000000000011001
0000000000100000
0000000000100001
0000000000100010
0000000000100011
0000000000001001
0000000000010000
0000000000010001
0000000000010010
0000000000010011
0000000000010100
0000000000010101
0000000000010110
0000000000010111
0000000000011000
0000000000011001
0000000000100000
0000000000100001
0000000000100010
0000000000100011
0000000000100100
0000000000010000
0000000000010001
0000000000010010
0000000000010011
0000000000010100
0000000000010101
0000000000010110
0000000000010111
0000000000011000
0000000000011001
0000000000100000
0000000000100001
0000000000100010
0000000000100011
0000000000100100
0000000000100101
0000000000010001
0000000000010010
0000000000010011
0000000000010100
0000000000010101
0000000000010110
0000000000010111
0000000000011000
0000000000011001
0000000000100000
0000000000100001
0000000000100010
0000000000100011
0000000000100100
0000000000100101
0000000000100110
0000000000010010
0000000000010011
0000000000010100
0000000000010101
0000000000010110
0000000000010111
0000000000011000
0000000000011001
0000000000100000
0000000000100001
0000000000100010
0000000000100011
0000000000100100
0000000000100101
0000000000100110
0000000000100111
0000000000010011
0000000000010100
0000000000010101
0000000000010110
0000000000010111
0000000000011000
0000000000011001
0000000000100000
0000000000100001
0000000000100010
0000000000100011
0000000000100100
0000000000100101
0000000000100110
0000000000100111
0000000000101000
0000000000010100
0000000000010101
0000000000010110
0000000000010111
0000000000011000
0000000000011001
0000000000100000
0000000000100001
0000000000100010
0000000000100011
0000000000100100
0000000000100101
0000000000100110
0000000000100111
0000000000101000
0000000000101001
0000000000010101
0000000000010110
0000000000010111
0000000000011000
0000000000011001
0000000000100000
0000000000100001
0000000000100010
0000000000100011
0000000000100100
0000000000100101
0000000000100110
0000000000100111
0000000000101000
0000000000101001
0000000000110000
0000000000000000
1010000000000001
1010000000000010
1010000000000011
1010000000000100
1010000000000101
1010000000000110
1010000000000111
1010000000001000
1010000000001001
1010000000010000
1010000000010001
1010000000010010
1010000000010011
1010000000010100
1010000000010101
0000000000000001
0000000000000000
1010000000000001
1010000000000010
1010000000000011
1010000000000100
1010000000000101
1010000000000110
1010000000000111
1010000000001000
1010000000001001
1010000000010000
1010000000010001
1010000000010010
1010000000010011
1010000000010100
0000000000000010
0000000000000001
0000000000000000
1010000000000001
1010000000000010
1010000000000011
1010000000000100
1010000000000101
1010000000000110
1010000000000111
1010000000001000
1010000000001001
1010000000010000
1010000000010001
1010000000010010
1010000000010011
0000000000000011
0000000000000010
0000000000000001
0000000000000000
1010000000000001
1010000000000010
1010000000000011
1010000000000100
1010000000000101
1010000000000110
1010000000000111
1010000000001000
1010000000001001
1010000000010000
1010000000010001
1010000000010010
0000000000000100
0000000000000011
0000000000000010
0000000000000001
0000000000000000
1010000000000001
1010000000000010
1010000000000011
1010000000000100
1010000000000101
1010000000000110
1010000000000111
1010000000001000
1010000000001001
1010000000010000
1010000000010001
0000000000000101
0000000000000100
0000000000000011
0000000000000010
0000000000000001
0000000000000000
1010000000000001
1010000000000010
1010000000000011
1010000000000100
1010000000000101
1010000000000110
1010000000000111
1010000000001000
1010000000001001
1010000000010000
0000000000000110
0000000000000101
0000000000000100
0000000000000011
0000000000000010
0000000000000001
0000000000000000
1010000000000001
1010000000000010
1010000000000011
1010000000000100
1010000000000101
1010000000000110
1010000000000111
1010000000001000
1010000000001001
0000000000000111
0000000000000110
0000000000000101
0000000000000100
0000000000000011
0000000000000010
0000000000000001
0000000000000000
1010000000000001
1010000000000010
1010000000000011
1010000000000100
1010000000000101
1010000000000110
1010000000000111
1010000000001000
0000000000001000
0000000000000111
0000000000000110
0000000000000101
0000000000000100
0000000000000011
0000000000000010
0000000000000001
0000000000000000
1010000000000001
1010000000000010
1010000000000011
1010000000000100
1010000000000101
1010000000000110
1010000000000111
0000000000001001
0000000000001000
0000000000000111
0000000000000110
0000000000000101
0000000000000100
0000000000000011
0000000000000010
0000000000000001
0000000000000000
1010000000000001
1010000000000010
1010000000000011
1010000000000100
1010000000000101
1010000000000110
0000000000010000
0000000000001001
0000000000001000
0000000000000111
0000000000000110
0000000000000101
0000000000000100
0000000000000011
0000000000000010
0000000000000001
0000000000000000
1010000000000001
1010000000000010
1010000000000011
1010000000000100
1010000000000101
0000000000010001
0000000000010000
0000000000001001
0000000000001000
0000000000000111
0000000000000110
0000000000000101
0000000000000100
0000000000000011
0000000000000010
0000000000000001
0000000000000000
1010000000000001
1010000000000010
1010000000000011
1010000000000100
0000000000010010
0000000000010001
0000000000010000
0000000000001001
0000000000001000
0000000000000111
0000000000000110
0000000000000101
0000000000000100
0000000000000011
0000000000000010
0000000000000001
0000000000000000
1010000000000001
1010000000000010
1010000000000011
0000000000010011
0000000000010010
0000000000010001
0000000000010000
0000000000001001
0000000000001000
0000000000000111
0000000000000110
0000000000000101
0000000000000100
0000000000000011
0000000000000010
0000000000000001
0000000000000000
1010000000000001
1010000000000010
0000000000010100
0000000000010011
0000000000010010
0000000000010001
0000000000010000
0000000000001001
0000000000001000
0000000000000111
0000000000000110
0000000000000101
0000000000000100
0000000000000011
0000000000000010
0000000000000001
0000000000000000
1010000000000001
0000000000010101
0000000000010100
0000000000010011
0000000000010010
0000000000010001
0000000000010000
0000000000001001
0000000000001000
0000000000000111
0000000000000110
0000000000000101
0000000000000100
0000000000000011
0000000000000010
0000000000000001
0000000000000000
0000000000000000
0000000000000000
0000000000000000
0000000000000000
0000000000000000
0000000000000000
0000000000000000
0000000000000000
0000000000000000
0000000000000000
0000000000000000
0000000000000000
0000000000000000
0000000000000000
0000000000000000
0000000000000000
0000000000000000
0000000000000001
0000000000000010
0000000000000011
0000000000000100
0000000000000101
0000000000000110
0000000000000111
0000000000001000
0000000000001001
0000000000010000
0000000000010001
0000000000010010
0000000000010011
0000000000010100
0000000000010101
0000000000000000
0000000000000010
0000000000000100
0000000000000110
0000000000001000
0000000000010000
0000000000010010
0000000000010100
0000000000010110
0000000000011000
0000000000100000
0000000000100010
0000000000100100
0000000000100110
0000000000101000
0000000000110000
0000000000000000
0000000000000011
0000000000000110
0000000000001001
0000000000010010
0000000000010101
0000000000011000
0000000000100001
0000000000100100
0000000000100111
0000000000110000
0000000000110011
0000000000110110
0000000000111001
0000000001000010
0000000001000101
0000000000000000
0000000000000100
0000000000001000
0000000000010010
0000000000010110
0000000000100000
0000000000100100
0000000000101000
0000000000110010
0000000000110110
0000000001000000
0000000001000100
0000000001001000
0000000001010010
0000000001010110
0000000001100000
0000000000000000
0000000000000101
0000000000010000
0000000000010101
0000000000100000
0000000000100101
0000000000110000
0000000000110101
0000000001000000
0000000001000101
0000000001010000
0000000001010101
0000000001100000
0000000001100101
0000000001110000
0000000001110101
0000000000000000
0000000000000110
0000000000010010
0000000000011000
0000000000100100
0000000000110000
0000000000110110
0000000001000010
0000000001001000
0000000001010100
0000000001100000
0000000001100110
0000000001110010
0000000001111000
0000000010000100
0000000010010000
0000000000000000
0000000000000111
0000000000010100
0000000000100001
0000000000101000
0000000000110101
0000000001000010
0000000001001001
0000000001010110
0000000001100011
0000000001110000
0000000001110111
0000000010000100
0000000010010001
0000000010011000
0000000100000101
0000000000000000
0000000000001000
0000000000010110
0000000000100100
0000000000110010
0000000001000000
0000000001001000
0000000001010110
0000000001100100
0000000001110010
0000000010000000
0000000010001000
0000000010010110
0000000100000100
0000000100010010
0000000100100000
0000000000000000
0000000000001001
0000000000011000
0000000000100111
0000000000110110
0000000001000101
0000000001010100
0000000001100011
0000000001110010
0000000010000001
0000000010010000
0000000010011001
0000000100001000
0000000100010111
0000000100100110
0000000100110101
0000000000000000
0000000000010000
0000000000100000
0000000000110000
0000000001000000
0000000001010000
0000000001100000
0000000001110000
0000000010000000
0000000010010000
0000000100000000
0000000100010000
0000000100100000
0000000100110000
0000000101000000
0000000101010000
0000000000000000
0000000000010001
0000000000100010
0000000000110011
0000000001000100
0000000001010101
0000000001100110
0000000001110111
0000000010001000
0000000010011001
0000000100010000
0000000100100001
0000000100110010
0000000101000011
0000000101010100
0000000101100101
0000000000000000
0000000000010010
0000000000100100
0000000000110110
0000000001001000
0000000001100000
0000000001110010
0000000010000100
0000000010010110
0000000100001000
0000000100100000
0000000100110010
0000000101000100
0000000101010110
0000000101101000
0000000110000000
0000000000000000
0000000000010011
0000000000100110
0000000000111001
0000000001010010
0000000001100101
0000000001111000
0000000010010001
0000000100000100
0000000100010111
0000000100110000
0000000101000011
0000000101010110
0000000101101001
0000000110000010
0000000110010101
0000000000000000
0000000000010100
0000000000101000
0000000001000010
0000000001010110
0000000001110000
0000000010000100
0000000010011000
0000000100010010
0000000100100110
0000000101000000
0000000101010100
0000000101101000
0000000110000010
0000000110010110
0000001000010000
0000000000000000
0000000000010101
0000000000110000
0000000001000101
0000000001100000
0000000001110101
0000000010010000
0000000100000101
0000000100100000
0000000100110101
0000000101010000
0000000101100101
0000000110000000
0000000110010101
0000001000010000
0000001000100101
1010101010101010
0000000000000000
0000000000000000
0000000000000000
0000000000000000
0000000000000000
0000000000000000
0000000000000000
0000000000000000
0000000000000000
0000000000000000
0000000000000000
0000000000000000
0000000000000000
0000000000000000
0000000000000000
1010101010101010
0000000000000001
0000000000000000
0000000000000000
0000000000000000
0000000000000000
0000000000000000
0000000000000000
0000000000000000
0000000000000000
0000000000000000
0000000000000000
0000000000000000
0000000000000000
0000000000000000
0000000000000000
1010101010101010
0000000000000010
0000000000000001
0000000000000000
0000000000000000
0000000000000000
0000000000000000
0000000000000000
0000000000000000
0000000000000000
0000000000000000
0000000000000000
0000000000000000
0000000000000000
0000000000000000
0000000000000000
1010101010101010
0000000000000011
0000000000000001
0000000000000001
0000000000000000
0000000000000000
0000000000000000
0000000000000000
0000000000000000
0000000000000000
0000000000000000
0000000000000000
0000000000000000
0000000000000000
0000000000000000
0000000000000000
1010101010101010
0000000000000100
0000000000000010
0000000000000001
0000000000000001
0000000000000000
0000000000000000
0000000000000000
0000000000000000
0000000000000000
0000000000000000
0000000000000000
0000000000000000
0000000000000000
0000000000000000
0000000000000000
1010101010101010
0000000000000101
0000000000000010
0000000000000001
0000000000000001
0000000000000001
0000000000000000
0000000000000000
0000000000000000
0000000000000000
0000000000000000
0000000000000000
0000000000000000
0000000000000000
0000000000000000
0000000000000000
1010101010101010
0000000000000110
0000000000000011
0000000000000010
0000000000000001
0000000000000001
0000000000000001
0000000000000000
0000000000000000
0000000000000000
0000000000000000
0000000000000000
0000000000000000
0000000000000000
0000000000000000
0000000000000000
1010101010101010
0000000000000111
0000000000000011
0000000000000010
0000000000000001
0000000000000001
0000000000000001
0000000000000001
0000000000000000
0000000000000000
0000000000000000
0000000000000000
0000000000000000
0000000000000000
0000000000000000
0000000000000000
1010101010101010
0000000000001000
0000000000000100
0000000000000010
0000000000000010
0000000000000001
0000000000000001
0000000000000001
0000000000000001
0000000000000000
0000000000000000
0000000000000000
0000000000000000
0000000000000000
0000000000000000
0000000000000000
1010101010101010
0000000000001001
0000000000000100
0000000000000011
0000000000000010
0000000000000001
0000000000000001
0000000000000001
0000000000000001
0000000000000001
0000000000000000
0000000000000000
0000000000000000
0000000000000000
0000000000000000
0000000000000000
1010101010101010
0000000000010000
0000000000000101
0000000000000011
0000000000000010
0000000000000010
0000000000000001
0000000000000001
0000000000000001
0000000000000001
0000000000000001
0000000000000000
0000000000000000
0000000000000000
0000000000000000
0000000000000000
1010101010101010
0000000000010001
0000000000000101
0000000000000011
0000000000000010
0000000000000010
0000000000000001
0000000000000001
0000000000000001
0000000000000001
0000000000000001
0000000000000001
0000000000000000
0000000000000000
0000000000000000
0000000000000000
1010101010101010
0000000000010010
0000000000000110
0000000000000100
0000000000000011
0000000000000010
0000000000000010
0000000000000001
0000000000000001
0000000000000001
0000000000000001
0000000000000001
0000000000000001
0000000000000000
0000000000000000
0000000000000000
1010101010101010
0000000000010011
0000000000000110
0000000000000100
0000000000000011
0000000000000010
0000000000000010
0000000000000001
0000000000000001
0000000000000001
0000000000000001
0000000000000001
0000000000000001
0000000000000001
0000000000000000
0000000000000000
1010101010101010
0000000000010100
0000000000000111
0000000000000100
0000000000000011
0000000000000010
0000000000000010
0000000000000010
0000000000000001
0000000000000001
0000000000000001
0000000000000001
0000000000000001
0000000000000001
0000000000000001
0000000000000000
1010101010101010
0000000000010101
0000000000000111
0000000000000101
0000000000000011
0000000000000011
0000000000000010
0000000000000010
0000000000000001
0000000000000001
0000000000000001
0000000000000001
0000000000000001
0000000000000001
0000000000000001
0000000000000001